35
0 344
12421 31074 31470 37940 64691 64075 58955 9857 24867 79038 78361 31819 39198 77895 49247 65959 50394 91865 4113 79315 81433 7481 27933 46583 27998 41071 22599 60944 73775 49538 98633 32003 85964 71970 35107 96613 85925 85809 41328 85867 90797 71844 80636 89603 4328 8674 86413 61524 11006 84948 9069 17643 6970 4374 37367 29628 56271 32267 17880 7563 18088 94965 83315 26092 83655 73153 53706 39492 80650 74370 96360 74650 38182 50523 18877 23922 2846 67732 73947 47842 593 41469 45717 62548 96727 77738 75985 30769 92397 22260 86636 43074 10108 37903 75179 34352 33315 71126 5325 58636 2926 82801 9441 55913 60979 80092 42729 2407 43297 47044 25355 27863 4213 54664 91345 48125 52440 98726 2797 1970 36651 92730 44902 85368 30623 9591 97566 25685 63100 66827 50618 70371 52465 74214 29259 19265 63214 29026 67463 386 3066 40061 38880 92380 25592 44167 27656 39973 56984 43658 7072 8351 32237 80191 45410 43162 50592 76166 44402 83834 8602 62989 80354 18709 12261 28683 38183 35197 40929 4476 56286 24972 2885 82252 14100 72752 34373 22580 51722 4290 39496 63263 30407 52906 86342 89497 55326 12749 13975 50625 7180 76197 36490 39635 81797 22510 31633 71630 38677 26528 986 92963 97495 42234 5610 12286 23462 85336 42557 7292 50047 69055 32366 44616 6580 50872 42332 73467 93442 30262 50317 89917 9027 42126 23954 67516 38069 693 77763 35661 41289 37567 87332 74784 74985 41060 93968 37116 2500 93078 64658 45680 62436 80909 1734 88953 6600 35512 37925 13782 52583 21671 71589 52050 8930 86227 20886 40455 85982 6093 96284 59703 54633 52090 14769 10284 59126 29655 19369 48946 99567 83261 42800 71846 45572 8024 28322 79283 93817 96897 99630 67555 20438 38494 34541 95567 35983 3342 83832 65316 75458 54534 84991 34505 18369 80160 99650 39752 17983 91648 30475 46257 34608 3313 11917 89610 77669 6973 86242 65856 94267 72715 4731 84637 5683 54810 71381 20380 60041 86920 81264 70381 89805 59278 42434 84835 35319 27615 65211 1177 62860 87833 25170 35444 15755 11007 80118 28604 48814 45358 53941 53602 28809 3951
1 191
69181 6889 50954 1185 87489 23640 76552 3875 16545 73235 60459 2566 93856 73416 76828 54078 89513 87553 64862 45215 38140 56500 13436 9941 10685 55946 98117 57258 55647 75393 15937 27469 94705 3674 73374 56234 43618 20534 1960 41314 45850 95948 73021 23877 53667 78034 42699 38415 86292 65190 32973 79553 50272 91011 48091 31419 69784 75376 51653 68109 15423 48890 71124 59712 53069 16145 49183 83091 6741 17826 99953 2464 13725 22777 25444 40927 98756 12086 90396 33956 68319 18233 9748 10478 59588 51880 57996 99581 22257 16552 6634 72367 13602 57632 35534 83730 56547 48013 60662 39012 27478 49920 74301 76801 29694 42666 13488 42013 10004 74509 96227 57438 43963 48266 31484 21107 22281 9310 98219 67861 1143 73040 99897 58385 71704 88927 27505 5029 16012 15067 23162 98736 62700 41451 30904 42330 45196 23528 91338 59756 52943 30413 10824 24503 15231 85084 61581 98256 67569 91868 60341 11646 5001 5193 19284 34274 60042 13998 74637 31711 62374 79850 87749 41761 33270 54665 88578 64513 1635 24512 90038 24029 92035 83903 82272 95719 65951 10503 99992 7408 78575 49449 87307 90446 69916 80360 26773 37538 16133 63727 8155
2 42
59076 64189 4797 94929 73076 20070 18731 7988 63065 21110 32282 9816 28678 47713 15378 29076 80013 94927 990 57618 37448 22850 15822 3694 75008 61729 80121 46105 92753 91892 40238 56751 14231 18725 81648 28336 25309 33458 94531 20417 31577 4967
3 180
9706 79344 34153 91667 89753 10822 56075 6144 13796 28003 89963 6781 98774 12032 29858 58617 9152 96856 34155 21401 87513 6943 37087 32151 13966 35841 46617 606 45287 41830 58010 24321 41699 44236 89806 39075 71152 78909 86178 87029 17578 46937 69130 488 43243 40994 42606 51967 76631 48885 62917 16278 95331 35175 48937 94129 77492 79699 20468 97059 18 37381 13538 95618 44771 23605 26257 15724 77931 37573 72507 7846 12232 45834 71404 7622 89740 88781 85586 73880 6501 48998 18074 69625 88037 63869 91165 83000 62311 46901 66526 48346 12640 71705 55260 41618 89934 78414 14875 58139 48578 90883 70338 63776 36739 4202 73038 90680 795 75079 39796 71767 92624 30460 26676 83335 46041 67232 6828 51113 75013 96819 12388 71136 18552 2309 98528 68503 68884 28201 70446 9586 46404 38209 44450 41651 61120 16497 64337 44792 43324 81634 84810 95926 86163 20109 73747 16250 38949 87808 89582 63881 67709 34590 52748 50260 32027 26990 38970 6250 27088 58912 90117 56061 25132 75430 57988 73244 79133 17968 55564 17511 51012 95504 22184 93853 90820 28127 69387 90014
4 179
91924 72384 50626 83898 3429 88494 52080 5182 54836 73057 61799 2145 64843 39255 42030 75014 70201 92954 13302 3993 28697 58381 24594 75616 37849 83196 56485 51306 62814 3599 6519 59646 64825 59965 63226 28494 16458 32020 23910 65414 518 83654 76851 15456 81223 42742 48234 41135 53493 492 11896 93217 23471 84425 83555 17275 72009 47113 39412 1780 47456 18695 16522 16477 49355 21578 76242 59386 26577 51008 88950 38881 74679 2912 33324 73612 93644 40505 86680 84757 43178 35131 60484 39458 26783 48615 30400 35861 83748 38167 56745 95956 52579 16318 33914 53720 73712 78648 49297 91807 4796 5189 60786 29915 47161 29390 35316 8837 12604 10846 76848 14177 27169 38173 84159 7726 80951 40613 64682 88247 28093 48307 94791 53407 49635 71750 57622 74642 81769 59099 43732 37751 76873 25421 33038 31946 1097 66392 97358 96272 64033 34942 56884 32941 59920 6490 1516 74917 65065 23847 91262 38058 26452 1901 9731 30334 64173 51061 60463 46706 13330 3848 29066 98134 40683 39772 30479 49509 15170 10034 36405 33598 25730 24421 98075 47971 13528 51620 19515
5 169
13072 38932 9417 75199 2411 15855 3302 65842 75647 52325 6722 93128 53232 23148 22094 41704 34392 12854 83046 151 10151 33834 62422 98225 7558 50653 24642 71209 33858 65707 98808 9291 3187 93749 81336 21122 53266 52856 42866 4634 46401 53052 22153 45639 17559 21723 29524 18456 75990 42379 1598 84540 69618 13736 46838 98692 60838 82927 66913 86299 1414 21011 59032 63711 2976 93533 26305 57797 85695 60304 65696 82033 87036 48355 35436 82621 51981 96579 11923 66604 37393 52246 52430 56118 21427 53413 53989 9589 49347 89816 23455 38368 76572 98221 8312 24214 12773 99056 31662 9199 12970 10598 33779 27518 99711 49807 4464 99685 46159 36399 2840 88902 89261 90770 42673 29575 42010 2166 71537 64644 4561 25605 28813 19565 3378 46037 87499 24288 22767 97958 33950 14462 80112 21993 3635 1944 40232 66082 88 98137 2861 1136 65143 99557 38798 66117 81623 98163 89316 92001 7893 29934 41604 18518 6142 64549 73849 63295 53964 69090 63618 17571 20933 27049 18250 8447 31697 81438 84422
6 161
15413 35638 27970 12826 87921 43948 83764 80141 86599 41929 89792 81239 21355 6421 77082 19232 5375 40443 38843 45301 92767 26287 7080 91280 92740 51727 46648 38348 48764 95617 51312 95034 60461 77297 52570 43511 43095 75308 90683 58415 7968 40157 57624 40870 3976 90987 7032 29618 16880 82573 53373 71329 71014 69423 742 70964 87455 60894 41384 38068 22797 14072 93933 66204 32960 2065 80035 7907 39137 75302 23868 60014 19230 48690 49681 28524 74433 56093 4978 53102 40828 32078 41483 97635 15310 66555 58738 8373 85351 29954 73366 49106 85453 82579 83342 79378 45710 63751 71363 67359 80000 81374 6156 32124 32478 38043 363 14824 9956 36865 47701 81388 58601 47530 72932 39867 9813 29846 74125 48630 25983 54573 34728 79805 43025 68549 48896 78791 19107 56877 6425 80184 77960 3230 4267 56114 56893 40794 70507 63969 28586 67688 15799 7115 36321 25597 19279 69032 42160 32966 65363 53453 51640 25538 79466 9934 29260 2239 84715 54985 46842
7 158
32755 90064 31097 8085 26369 4698 52899 84630 68369 20852 29958 98282 26746 82057 8748 85854 86538 36173 67809 93536 57380 44752 56691 53571 96460 25556 45419 68528 819 21067 82477 58708 95025 96985 65095 56231 26576 56089 18983 99321 24486 10810 73471 38007 23266 53235 51238 47706 28118 74027 4759 70050 97823 24103 66005 22124 41620 98510 61185 82338 37375 7992 23995 80513 6381 37174 89295 79108 44113 70880 43103 8404 38237 65487 79896 75688 57120 5948 69333 47904 24954 4178 74304 81962 911 67583 50642 80887 7276 41371 51594 92947 15797 83629 34995 36827 65072 41423 78467 95101 35358 49120 92566 14906 43898 91396 53956 95133 55805 28078 40956 95139 86948 11081 14575 14661 80522 99380 10684 95126 23689 71137 75210 4625 598 23873 2595 88716 15406 11803 83059 11578 31007 21637 64488 12230 87916 18730 3684 49231 45381 48248 96980 55495 15829 71328 70769 47178 70857 30436 20 71728 92979 5438 80107 55610 90320 78238
8 150
75917 52298 7816 64586 76163 7322 88746 29176 94850 42919 812 57211 43269 70398 904 95369 94647 17011 28293 95803 44371 7310 45540 32051 43276 89127 75778 63858 38958 89201 65009 69720 6623 89652 68838 26246 51710 44017 40038 15701 19155 19839 92412 81557 42405 74094 99921 92154 84025 1653 58549 60100 85482 20862 40219 2813 727 30258 44300 22723 25872 96479 90321 55755 12328 20552 21238 54383 3445 50585 80623 4614 28937 8493 80872 90927 58946 91384 75362 44881 87081 7642 219 8075 19830 66530 26738 97881 84782 11443 2452 48919 46725 35140 7947 42596 39124 45306 16046 31135 52056 14644 97692 92726 4661 60999 68759 37551 55108 29863 96184 17569 5699 10370 46628 54583 85427 25461 93786 93197 54907 87773 74186 5199 78216 95668 86334 2610 97628 14169 35081 55786 51255 58711 58931 95332 42840 90404 69317 29841 60927 57625 35221 45642 5971 15122 67258 20129 55293 38141
9 119
2360 19615 21884 52267 64922 26493 34007 48318 41680 75525 21228 28593 2951 1156 89933 48135 15223 11567 80867 75633 39295 23941 92324 85938 34593 67454 93890 33749 94579 75089 53130 61098 94359 60835 31675 15585 27951 24507 57664 34328 82632 87781 93949 51351 85594 5702 85627 91316 34020 85344 27808 57306 11281 87693 94373 73889 64720 18740 77799 54739 56608 21253 13669 60031 85995 10018 74078 56462 72772 87391 82165 97122 87159 15266 55213 20547 26265 61494 29982 14030 37575 18195 98835 36130 63129 43302 97043 27652 84516 60314 86349 16908 35210 72000 30912 79768 63906 59200 774 440 22072 79091 36079 14719 77792 49508 37591 73792 43622 56859 2637 70758 96945 37384 71596 62101 61072 49918 51333
10 276
3308 99365 94605 72778 99436 81003 30956 82922 58220 38851 87520 5078 68252 4487 14936 13383 94438 82013 96730 21829 20166 96873 37929 59361 62848 25596 30304 34368 14321 18657 84298 68625 23003 57229 32917 30060 80202 10292 14460 17038 11758 17396 27650 75661 2852 32681 83778 35616 9377 8978 21652 8809 87125 91823 10464 6276 76535 31076 22871 31081 8567 32250 50777 45541 97172 11785 75371 25871 24603 43635 65552 20062 80465 41741 59516 98079 27499 50703 69813 71064 95592 66852 87535 9839 4788 92159 27602 75381 12665 83997 295 54914 96046 46601 77984 61610 47663 5869 84675 20330 18027 30366 82299 87258 50328 78016 59671 6023 42803 39491 78809 61662 85708 2141 38326 33061 13819 68089 77677 2479 67746 77331 69682 2163 55600 95714 5672 53479 66271 39951 75608 64425 2560 60188 2386 59787 41132 4319 99978 95900 22616 4885 35421 85056 41883 58581 49775 25905 40175 11890 52976 81204 76284 31674 73426 73155 50191 52874 54301 64318 95236 53096 74036 22591 88031 30261 56323 3501 49270 56982 15251 93162 87711 90346 26732 56598 21698 95851 90343 35937 18819 65704 21686 78656 36068 5323 59430 9327 50759 24314 86457 97579 25782 77349 62708 4906 87413 48941 70509 89993 86277 6760 35527 93611 19504 21083 1791 14277 86165 11265 35242 89175 20457 95985 32641 77675 44803 85971 61731 73236 53740 58833 18833 10997 89392 7636 1812 29734 14521 11761 84977 43383 32141 44245 84971 60645 63474 60701 10138 95868 69956 69342 41947 5625 28298 79171 44355 54616 77415 36789 71467 62076 67260 63520 93608 9817 79685 3096 30987 78926 77565 49460 25194 95539 8185 3185 73838 24704 35947 63490 28429 3424 70815 68241 16674 34966
11 133
47469 10954 38602 91925 2175 16709 79232 16031 5381 1074 75138 4479 53287 10652 69434 18898 29461 49484 9125 10528 97731 43931 31320 59284 32908 72417 16831 25767 48240 25211 89232 87300 91215 16842 86663 24645 44629 56025 42119 97854 64398 32993 63831 21883 95364 46267 59752 94886 46843 67957 88974 11409 97912 87241 4597 93811 45564 48079 63179 71360 48296 42613 50645 29918 70900 73039 90866 98571 48157 1138 41668 19005 37062 7200 46339 7562 12622 80745 75342 18390 35952 10249 96096 3677 14525 28707 32260 78635 15106 81996 99778 68051 14957 47571 72673 71058 50687 3515 40470 57350 34523 65375 19764 71248 46703 9343 44645 38050 81062 2457 23086 29517 96608 95079 38673 77729 18659 26260 86659 41150 45738 76745 70298 44420 23638 94188 13414 57908 64799 3142 4360 82613 29236
12 124
12352 24487 94752 13536 77080 87532 91438 65911 96492 95703 22034 13314 38230 2627 56835 17546 97662 69403 28904 8877 99709 35309 35693 46166 2949 38736 36935 2530 52575 18306 10368 19256 20473 34877 15390 59370 21371 11100 25774 18652 94384 77212 78955 87052 26562 84914 13709 90385 81297 76967 29939 4771 86882 66009 53 31125 40031 52872 1577 28876 49024 51898 25727 20084 10053 38873 35649 51593 88901 29255 42200 39836 75503 5387 72288 96157 38280 26407 12647 25891 28600 63251 5542 3438 59128 68781 80973 86258 97439 42682 64015 1921 96743 49468 12851 9456 27129 20448 24389 68555 39194 23182 92669 26934 23250 35629 79772 58474 89614 97081 74385 79455 95809 33346 52251 14812 22008 41970 44261 62483 11005 70780 60918 61455
13 2
35977 27540
14 232
6305 3891 82049 47720 20927 32125 37280 24080 75851 66557 29688 82677 59584 23420 53915 18737 99955 21601 56776 84507 7037 55587 95561 69482 80194 21806 65691 2353 11418 35591 93100 63614 81368 77785 23181 40959 45813 95160 46532 96045 22338 54502 54206 37362 30492 28269 37346 72387 23220 97531 51300 32790 68554 66227 39924 40770 93950 13561 24992 98495 5831 95407 12538 59831 94933 27759 91585 57884 60633 13485 59238 92831 97135 39252 64897 42232 92976 91666 63150 75829 80536 3824 21463 38002 97763 17172 51429 44022 6314 80029 62061 25632 36176 57403 25530 18337 1454 63971 16653 71613 44028 6945 59446 44845 84833 62138 69535 25640 26200 96277 86582 89457 32069 54365 43834 44337 22530 44801 61139 12438 97835 77389 33758 36578 65889 25485 25029 64757 73060 29588 69301 28938 84416 33210 41788 9230 33392 85363 12744 9381 99604 22506 28238 69240 81309 71786 86504 98176 48589 61589 33545 83364 41834 32976 4574 21551 2785 32259 33911 41859 10605 5123 54278 99389 60009 43951 22235 24085 65751 54912 98172 85552 54636 17874 89209 74208 52481 62481 32675 77236 78297 8487 46122 59399 11080 23509 7466 84735 84165 14126 42261 94063 19147 80612 67432 6630 21323 92289 31864 6240 6486 73660 24124 54737 86364 22127 59655 71344 80768 40957 81384 52515 40373 54293 76761 18059 77617 68714 80952 44056 65259 37390 40600 11231 5651 82209 81394 10516 94770 87917 82230 58826
15 52
53039 96024 65137 14554 62347 79324 60303 57642 21254 73713 95922 98349 71984 64708 89491 93042 37098 38930 21800 72094 23109 66024 87654 52785 60533 75048 26406 2377 76142 80815 11840 5588 94771 23511 13566 90172 26268 10501 18515 70169 99087 12479 62894 41329 26991 44833 17303 17290 9016 4021 72969 74080
16 103
5077 34534 42570 99327 25859 53337 43283 77233 68141 35865 54639 25040 84998 520 45677 46623 59780 29129 94648 95850 91802 7620 66490 93937 36204 64122 46079 72380 83353 29820 92494 21156 50870 821 48341 27143 15287 15748 39138 18173 55402 14122 918 24811 6977 70569 17040 52381 83873 27536 31042 14588 98910 85780 36606 93963 80277 91339 53237 35104 45861 64466 20732 45244 13002 40472 41174 10650 60703 62099 22189 7548 43053 72682 40967 78026 71735 40070 18378 97127 75181 64760 67572 17532 3354 22831 29411 63080 63963 21331 15927 11222 47277 73996 93602 95148 50322 697 47404 38340 66675 72841 99055
17 194
41960 87073 47149 37819 74835 73268 64638 20392 66025 40977 58346 81854 31964 86889 73706 61820 71088 3716 72401 69861 23708 45690 90822 45030 9113 84011 7356 13409 59391 53715 37279 82622 33511 78488 44267 33046 39537 78810 10466 63434 1640 51895 68406 200 60643 14500 62295 36466 23106 68150 79238 93184 99689 24675 96489 2110 4170 43222 48214 95571 79981 34915 19125 34900 88155 28225 81937 37637 44791 7985 87135 86323 41308 41044 21609 53834 69295 59288 63271 69965 58810 30193 31762 12725 54453 13287 18906 98775 99491 64259 35411 69430 40780 91946 95623 21007 21272 13041 92816 25223 65942 61126 48175 45956 56353 51340 73534 17536 18025 49851 19144 62907 30239 94971 97204 36109 30762 48275 602 84283 35503 68226 21641 73846 26097 25367 11596 32380 90044 29925 83220 21772 24612 51143 4974 13322 87792 46116 78596 87428 88033 94158 20111 42387 38879 72784 18883 53958 24724 85888 59233 63255 78454 7743 34977 45392 15212 51414 95859 94141 40099 28770 66108 87846 57262 43839 90720 80226 89776 8923 9711 86571 98799 97369 22596 42473 28504 18524 64630 99972 6625 63203 86766 64074 45815 88110 95172 43758 42969 35595 80808 69707 34249 8434
18 174
63390 5657 85247 4284 46503 56820 9658 60548 57008 36022 86040 83177 27732 56082 77692 93969 32463 71310 44662 34558 25183 38544 60153 17718 10582 25056 86279 12564 1778 50271 67439 68752 94650 41815 44290 54469 50363 50407 11980 54048 36969 45220 93428 13466 46063 94420 32179 22954 71010 43966 73905 92016 38753 70635 60503 69171 38135 51067 40549 27707 87185 10791 73191 58172 41179 15104 16201 36102 29362 47808 72797 57756 94239 63339 38441 1691 21349 91465 94857 28573 17217 12893 33725 16114 65421 76033 31077 94521 68306 20132 92052 47406 5589 72885 78713 70920 18257 49746 3977 92503 59188 16006 77120 37081 2302 70485 24651 98455 15867 98376 59480 48407 81660 32484 24514 10395 5140 75340 89899 10678 16975 16287 34407 63765 80001 36809 51556 870 8059 75277 95788 48418 12516 55591 16457 50956 13297 52222 81500 2925 89685 94403 95800 47626 75451 37962 67386 35212 33253 52865 56362 66414 15015 81313 84823 56288 54433 39624 92580 93987 43002 39900 21312 70415 55367 1967 25502 20947 9753 65173 7441 40270 19980 99039
19 80
49941 95122 49091 10273 11972 89522 86602 73351 78394 17369 978 68098 98041 72679 36642 23782 13980 22659 42304 11159 39825 5919 88145 41220 10740 89100 93790 26036 46764 2940 67332 44038 51604 15465 88204 99697 39876 33362 51700 37906 26154 69744 60873 88487 66454 50313 96505 25321 47781 86871 68876 56464 40809 70779 22163 82630 11710 85863 81555 85170 36786 57149 80518 8729 47698 78049 98798 39744 9726 90345 19829 61565 95899 36085 64358 62427 63581 40620 24634 53724
20 77
83304 72076 44106 60836 85257 80457 50800 14686 9865 91054 96970 33333 14422 69914 86852 12420 19738 62114 32605 58194 1847 67144 32362 59943 80044 31490 83559 70285 28708 45266 24716 19947 26112 38961 17755 35788 22391 79749 58725 49280 5009 19299 82745 68803 15696 78778 57276 75226 72231 52966 17991 37473 14811 41461 57117 94366 68934 80237 79840 30059 2229 93361 5937 47662 56539 62825 23949 98714 9314 9853 63966 47190 46384 19838 26597 38188 62464
21 150
50735 2630 70052 23715 50547 71416 27027 61908 19718 3790 56823 86517 82511 50062 76428 26914 25986 97084 99496 98718 91234 14859 68929 10136 1183 84759 60763 48743 57447 38972 84840 18742 31435 58103 18330 8612 72964 45406 46038 69057 68390 12429 8512 13215 16512 50318 65432 3216 99041 52100 7545 70749 65443 69572 65166 87442 62715 82144 48518 48360 16433 84746 47541 73105 79002 5717 65920 42070 69042 23441 8918 58119 26379 39911 98020 28540 39536 23496 52987 37574 87565 56856 14131 66980 46596 94387 99172 78193 76823 41718 54962 90089 28965 68497 43296 52400 7060 8992 97146 71292 45847 47341 768 98288 68360 99979 8799 64870 94741 43613 74375 98007 73802 46466 10604 60932 35565 52511 55635 25273 86147 29736 53606 83968 26729 23802 37554 58756 74621 28916 84685 76249 58211 40727 52283 3044 7644 77126 99249 76769 15883 99579 40170 4205 34600 27018 36415 95937 47635 41490
22 65
2744 27877 27139 80729 93111 14586 80423 65163 80686 19247 85195 56504 94509 12070 40966 73804 90606 77139 6852 67513 77155 37043 25553 39201 95999 424 35956 29359 85104 22525 19992 82806 30760 10662 7825 15651 27246 58095 39089 79848 20245 99402 7275 39972 17333 44700 91783 5704 71506 89418 63038 55348 80539 56096 35631 76332 44152 96366 17484 97532 56329 8068 98091 9382 74736
23 64
68289 1312 99202 77493 50639 77013 62503 110 62136 19667 81031 92893 37385 81073 52208 66318 95864 58319 40645 24449 7293 96101 95437 58216 53714 57521 45916 36450 45459 12236 58709 44667 26933 20177 73186 24691 98688 76765 20523 78006 6152 32775 69227 27085 75718 6128 87622 47975 53839 57801 70279 22236 95640 47466 43460 4909 47988 75466 10725 55472 2035 19934 61233 57431
24 108
55612 84371 88443 2821 54462 46720 67211 60055 12557 25441 72954 42178 46286 6816 48237 97645 61713 41204 12039 65196 80269 77530 39620 83457 10379 75158 86234 58178 3858 8541 49372 45673 93204 78532 68699 67760 47251 37163 15356 74333 78311 42839 85644 83902 22129 30928 30050 54608 59474 19793 61251 67677 5572 32039 67249 70672 20645 89471 94659 97357 25572 79358 33337 35684 54483 11020 9107 14990 555 8042 38850 99844 72448 53219 39230 18082 54378 22387 87435 84226 6691 97831 52769 30891 82830 86252 7142 78930 10211 59344 45951 57612 68960 50198 98621 48932 48807 53075 38794 42333 27477 1989 86235 545 69155 19169 89458 20707
25 47
41595 49488 16048 59797 38203 36350 23386 15460 51931 66521 42677 36001 18950 58765 55399 70152 87472 28359 70657 95164 28374 31561 64501 36750 69687 16325 61964 96256 12361 58600 90776 50710 35774 1991 73834 56117 41 80369 90270 18365 4602 76989 73312 69852 20401 32492 8820
26 38
5066 17227 33889 1876 18100 81915 90911 69408 22285 22262 95687 63281 33537 87496 58595 85556 68020 92288 94802 58486 40022 8260 75969 74190 8830 3047 33958 69624 79207 22395 45098 75685 31431 63094 35115 11352 14956 78527
27 74
5671 78461 81238 78136 42075 10159 29584 68171 51633 37391 49806 95659 76651 30533 10015 51093 3887 24287 77378 8686 64631 76141 74883 43089 87121 46147 71634 4807 90302 75768 83175 71938 55242 57116 1392 8941 6792 16095 73487 77482 7975 41559 87275 55952 49274 72195 55624 78055 33684 29327 97644 25219 78421 44513 64030 76889 73187 68636 4123 67526 30119 81847 86648 87631 78566 97843 51606 98370 75866 87767 56532 49693 94372 27668
28 56
5886 42759 99370 90118 79852 27663 58494 34619 34166 28412 37811 55914 60329 37131 92734 56412 7381 95250 5686 95235 33044 20095 60446 66028 64088 73091 49045 70632 81672 13758 26996 24004 95818 89535 83008 93036 9123 37675 59670 22787 69549 23506 92080 86173 58563 94901 18451 94332 7040 66341 99548 55725 99384 51843 6259 28750
29 25
87014 42371 61520 14749 73856 71396 40811 60647 61588 23126 14515 85539 25429 72555 25267 81131 35923 97412 72834 39727 62691 65142 40527 81123 1358
30 19
1344 48290 11397 40666 32300 10051 54416 67053 53394 82793 58808 69471 18714 31639 4022 36508 22585 50962 52667
31 32
89412 8104 64453 61324 77822 45857 38719 91039 21781 93830 12646 28241 2841 72407 65932 65967 83448 93981 93383 71139 79141 98493 88653 18008 98496 58445 96134 48871 55534 78132 63397 93158
32 28
52418 53449 33421 78556 52761 3392 93255 70913 56719 59518 76586 2893 45088 11771 8249 80139 97200 13236 28157 67801 97894 13769 34240 5119 88542 15813 51669 24130
33 20
3074 23159 93713 86687 25277 59865 46193 88359 33311 79252 37700 59681 55860 79606 81993 66439 69779 14581 87689 4994
34 1
90157